N <- 1000
y <- 
c(-1.76522003168544, 1.52526212403573, 3.45972621806583, 2.64078000742194, 4.53260789538833, 2.50655532039702,
-4.27710702225461, -2.25816562853338, 3.10450366092699, -2.76762634763038, 1.69344967788277, -3.58891466607827,
-2.76262571649043, 3.78811014600433, -3.11445771390506, 1.87855052781461, -5.4542030254467, -2.25575016345935,
-2.32265967500089, -1.44080913989032, -1.2832773576893, -2.89305606629462, -1.45148627378926, -2.74868645244408,
-3.42641007568558, 1.90180340311453, -3.09694110040744, 2.97747944302707, 2.72259859638889, -2.54912220941497,
-2.5510573281772, -2.03540064391631, -3.02318177488985, -1.11465254206827, -2.31230611352036, 1.55646414925092,
-3.02664980419918, -2.23411694946488, 2.33894466791366, 3.09499504947257, -2.31560413916886, 4.05347768300503,
-3.40169591073308, 2.73311913767201, -3.31769245529359, -3.87713286976328, 0.901029688820967, -2.55447094481811,
-2.14843477480441, 3.38915815978993, -4.13999281746208, -3.87967785339758, 1.60884580516243, -3.43867149960089,
-2.57980218184787, -2.15551657274259, -3.56503265072496, -0.11434683706673, -1.79617651829174, 3.36528477061344,
2.04912929944974, -3.82366134146979, -3.04999119679974, -2.64189343719743, -2.02679923641233, 4.14009509607427,
-3.5988833983784, -2.4592771553565, -1.41582396629758, -3.65134215525908, -2.97276341293285, 0.978531971796601,
-2.46257774988555, 2.108808237676, -3.67493764223895, -3.52997746918532, -2.30549662640563, -4.91246900261166,
-3.17551089992095, 1.73628234079545, 1.78788097169625, -2.27536537272264, -2.39824573039546, -2.85702035624698,
-2.21248274339965, 2.14789510155187, -4.77329764533368, -1.59557871940186, -2.98069299769411, 2.38491123178509,
-2.59248207062428, 3.5159322229844, -2.32391303379769, -1.82273460003469, -2.70386540715951, -3.25428564309111,
-3.05044940835556, -1.92708402135413, -3.59926879612904, 1.7963899043188, -2.43652128411742, -2.13752669256669,
-4.44108322753688, -1.96530137255768, -2.73807486473998, -2.93125528786996, -1.64304559751933, -1.27060512901174,
-3.89739944099984, -1.738345623486, 2.11793080502512, -2.61763868048091, 3.23092606472532, -2.61682237241539,
-4.21286446232819, 2.24359821952526, 4.28966323733755, -2.57720638161271, -3.58582392407968, 2.09407129612039,
3.80756608653532, 3.09608348986537, 1.85281345800631, 2.75626521125563, -2.15332949092427, -1.02744819205599,
-3.63174948340935, -3.12994595516687, -1.75388998412624, -3.20912089294384, 4.21026574621257, 3.79324617695035,
-4.40904097034683, -2.3260422237726, 1.33083707381476, -4.21469245667068, 2.82042097214783, -2.69330177801973,
2.71729182273441, 4.01428122406637, -2.45501211426976, 2.07691317949551, -2.63041170850904, -3.26439650899129,
-2.81811157386654, 1.60198808816326, 2.63475551987083, -2.64706360815099, 2.04825651289686, -2.70876937572971,
-3.39876835059848, -3.39400785946644, -2.95443882506637, 3.24084091766159, -2.95533698727053, 2.94069132392526,
3.72002419266112, 2.46473892215293, -2.85361926854177, -2.23874545879629, -4.00816245001572, -2.20617403104381,
-3.28496358658299, -3.88804602678007, -4.51800377087565, 2.03502179713226, -3.92020226435962, -3.92844814841946,
4.37729133795333, -3.96214666562853, 3.74750991744129, -2.20475435857983, 1.86521088482488, -3.36123069788137,
-3.16019951283336, 2.94040936983681, -3.09832492895934, -1.92315246971501, -3.04268690230272, -4.91534620996324,
-2.84621677620338, -4.60195684624858, 3.68781113523209, -3.4976864814395, 1.63475856429983, -3.34150641529882,
3.33523068390919, 0.831441800690137, -2.49618320849591, 1.77775823375383, 2.74148655196198, 3.42904191100748,
-2.18036863330758, 4.2529616611284, 2.87908540116547, 2.04881704832338, 4.90370721597723, 2.44675386173825,
3.55757977690801, 3.68099146612641, 3.20490209827293, -1.3245793099364, -2.95899117251275, 1.51859722090939,
-3.11060357715335, 2.20278670051594, -2.42200399248553, -3.68329983209366, -2.06918917519982, 1.58611759981364,
-0.994550490116653, -1.30036263574509, -3.19879494121108, 2.89006728893046, -3.12365032817758, 1.54356588276192,
0.0886540250589873, 2.72490550673441, -2.78437325724906, 4.39235903904485, -4.74546214753883, -3.41217075860241,
-1.86996200768997, -2.40761257999836, -2.62824614447621, -3.37076103451181, 2.95094526757402, -2.98590534802334,
-2.63633888502977, -3.32792919528782, 3.93856488583833, -1.69006372187853, -1.41324178913532, 2.38283082886978,
-3.05433670477839, -3.10027962423571, 4.12414476272802, -3.04972049187507, -2.65236485577477, 3.13118802872372,
-2.07178744318122, -3.01767327223427, -0.404034335665087, 1.82250534447517, 1.32344282630226, -2.70769733561019,
4.51744347000481, -2.69724967285463, 2.85972603996997, 3.61320261555815, -2.84897320476962, -2.64630345391378,
-1.54151512431536, -2.65625397894723, -3.50219651894608, -2.35507578012734, -3.84152043398742, -4.20829242499569,
-2.87271228495575, -3.8509291916684, 3.33092307183976, -2.89694748935979, -3.51633461507235, -1.12710242145538,
-2.85994054403599, -1.32829514573794, 2.6365789510036, -3.07928094158115, -2.37653901640286, 3.77988813093981,
-0.0442249528006582, 1.71505412875076, -2.93342985864073, 3.82777130745133, -2.40837977470121, -2.93734362411867,
1.44714089147053, -3.02865826197567, -2.93475390845827, -2.83177749717356, -1.13775820627293, -3.21193983950467,
1.17394969918136, 3.24643307353113, 2.63804621618103, -2.95434640021197, -2.1144318371436, -5.65667395407155,
2.19634174723904, 2.59654817174908, 3.35529051576044, -3.01100659618436, 1.74486153758875, -2.37743388568742,
2.76944617652012, 2.86052881539528, 3.90657043692358, -3.29222046021176, 1.50079871658092, -4.03001259675319,
-3.77393278779038, 1.36234942001194, -2.79922111440613, -0.939039269516862, 2.65048993429173, -1.97276287570262,
-3.85259632518001, 2.52835521729821, -2.1839050374041, 2.39504065474494, 3.53526260146804, 3.4440473785994,
-3.38272989558496, -3.52195864196131, -0.392182612398898, -2.94254933635981, -2.7433806657858, -2.80454602462736,
-3.31820688054038, 1.82302405630336, -3.8857351813807, 3.66396233905445, -3.73606283332287, -2.08251458651037,
-1.34340451029338, -1.59222103988212, -2.88875319757353, -3.28932185096014, 1.67110650093848, 2.73143786004889,
2.5173843143213, 2.90629354251416, 2.14599024524597, -2.12096487987833, -2.03583042914798, -1.67411389871124,
-0.500244482620677, -2.55210940112071, 2.1744536815213, -2.82732086500459, 1.12208011089898, -2.62007684603096,
-3.17567313326006, 3.15601174852113, -3.01881018563807, -4.13098453629771, -2.71341667865544, 1.39675546882361,
3.64700619394226, -4.57935971226393, -2.89187694417199, 3.20798177784278, -4.26961751308999, 4.14905531466027,
1.86466080909698, 2.24366970877868, -2.58666789403367, 2.41285614374161, -3.78595153200983, 3.15933792821671,
-3.27422345821689, -2.24349962647582, -3.25472286277471, -3.7072503289535, 2.65536564154674, 3.39943931761058,
2.99232179932707, -2.80893409026171, 0.802205928423824, 4.20144363189149, 2.71006032236228, -3.61399769106991,
2.54830976028748, -2.48874443727257, -4.26835138330586, -2.0326913677242, 2.99683272809642, -1.54723295369491,
-1.76396072955265, 2.21205940093776, -3.24028274181396, -3.74551617256245, -3.11170292825461, -1.80564518870308,
-0.957792988384546, -1.8215906041357, 0.920062330369316, -1.92812189383688, 3.7862687620034, 3.3674201441298,
1.89506963688121, 3.81451051848471, 3.47948145810367, 3.41265658435809, -3.13140720270424, 3.59589177779358,
-2.63840811555419, -2.81777026165604, -1.26290190348172, -1.99277662335377, -0.124042493398711, -3.17654244907748,
1.26259370436803, 3.33879164571094, -3.19259951077578, -1.8486951976798, 3.21782834036769, -2.72795968133297,
2.66489216820439, -3.11126714265346, 2.94950650153727, 1.6417457452997, 3.42279407048635, -3.14411363337364,
2.00603241441501, -3.07611347678341, -0.875331173185526, 0.992000854653263, -3.09886090996487, -2.64341077088161,
2.21234121879485, 2.33873086808816, -2.36765166202388, -2.52748591145736, 2.0762454916803, -2.18256708612948,
